3.005000000000000000e+09 7.099945500000002241e-01 5.569067600000001672e-01 8.497986900000001342e-02
3.006890000000000000e+09 7.117444913509076709e-01 5.498050282357674901e-01 8.752050633365691945e-02
3.008780000000000000e+09 7.137089915904198945e-01 5.429823865507912295e-01 9.003299863415747950e-02
3.010670000000000000e+09 7.158819837013903342e-01 5.364212518323027146e-01 9.251783366008080323e-02
3.012560000000000000e+09 7.182574006666726518e-01 5.301040409675342735e-01 9.497549917000611130e-02
3.014450000000000000e+09 7.208291754691207309e-01 5.240131708437174574e-01 9.740648292251244400e-02
3.016340000000000000e+09 7.235913885578741933e-01 5.181315538514333907e-01 9.981149846751007082e-02
3.018230000000000000e+09 7.265395958301023027e-01 5.124470600530025566e-01 1.021935184704170635e-01
3.020120000000000000e+09 7.296702027405256308e-01 5.069504139543582477e-01 1.045568161063794299e-01
3.022010000000000000e+09 7.329797259266471743e-01 5.016319363157767386e-01 1.069045168858354516e-01
3.023900000000000000e+09 7.364650161730448286e-01 4.964804985947798843e-01 1.092358972106970416e-01
3.025790000000000000e+09 7.401229975254435267e-01 4.914846906055084785e-01 1.115495071051604836e-01
3.027680000000000000e+09 7.439507427150015006e-01 4.866337227312554359e-01 1.138463023322481699e-01
3.029570000000000000e+09 7.479455087035732364e-01 4.819175742799118312e-01 1.161302195182034314e-01
3.031460000000000000e+09 7.521044098230963426e-01 4.773263778881371988e-01 1.184048467756132345e-01
3.033350000000000000e+09 7.564233153630248729e-01 4.728511188199263082e-01 1.206694585567776729e-01
3.035240000000000000e+09 7.608974950216844668e-01 4.684831957879839193e-01 1.229212443878980321e-01
3.037130000000000000e+09 7.655242399667937514e-01 4.642145956989440214e-01 1.251591560387856072e-01
3.039020000000000000e+09 7.703064050212957703e-01 4.600389137839807074e-01 1.273870235094552716e-01
3.040910000000000000e+09 7.752476143359293692e-01 4.559499631452485491e-01 1.296093627967752626e-01
3.042800000000000000e+09 7.803470288375404795e-01 4.519401529797276718e-01 1.318270642207113041e-01
3.044690000000000000e+09 7.855991252990131013e-01 4.480004190857636570e-01 1.340372129529255329e-01
3.046580000000000000e+09 7.909985925439417809e-01 4.441219000970727526e-01 1.362374268777291897e-01
3.048470000000000000e+09 7.965429798816591189e-01 4.402975319433943269e-01 1.384300240398818882e-01
3.050360000000000000e+09 8.022309945170686962e-01 4.365209782254378945e-01 1.406192203569517629e-01
3.052250000000000000e+09 8.080612833323997934e-01 4.327858991733255500e-01 1.428080029104886739e-01
3.054140000000000000e+09 8.140323474632626954e-01 4.290859425746265110e-01 1.449965304101856478e-01
3.056030000000000000e+09 8.201425248590824557e-01 4.254147808204401526e-01 1.471845365718059961e-01
3.057920000000000000e+09 8.263874700232093362e-01 4.217665810669236626e-01 1.493711831026024173e-01
3.059810000000000000e+09 8.327604512378505852e-01 4.181359504339255961e-01 1.515551230583533637e-01
3.061700000000000000e+09 8.392547399430138055e-01 4.145173482033635004e-01 1.537355704620016472e-01
3.063590000000000000e+09 8.458640751715039707e-01 4.109043496830884767e-01 1.559148744140132492e-01
3.065480000000000000e+09 8.525823738512556815e-01 4.072902432839897724e-01 1.580964240867269721e-01
3.067370000000000000e+09 8.594059136031595436e-01 4.036696044540651895e-01 1.602816707115578554e-01
3.069260000000000000e+09 8.663355069739612224e-01 4.000394816223455385e-01 1.624683409648124688e-01
3.071150000000000000e+09 8.733721540382534121e-01 3.963970702536816493e-01 1.646538760969555870e-01
3.073040000000000000e+09 8.805121275200753495e-01 3.927376358840388160e-01 1.668376981364592671e-01
3.074930000000000000e+09 8.877481412442091990e-01 3.890549911377778058e-01 1.690207203042299045e-01
3.076820000000000000e+09 8.950737363512728528e-01 3.853435341621639365e-01 1.712038380458002218e-01
3.078710000000000000e+09 9.024865415429265125e-01 3.816004395043265940e-01 1.733877043207946445e-01
3.080600000000000000e+09 9.099853254126445412e-01 3.778236490957204152e-01 1.755728961810177347e-01
3.082490000000000000e+09 9.175687285940854476e-01 3.740105546811133275e-01 1.777594391746983860e-01
3.084380000000000000e+09 9.252351846896192944e-01 3.701576581408959621e-01 1.799464669180450005e-01
3.086270000000000000e+09 9.329829778920548655e-01 3.662613390032810612e-01 1.821331323304775096e-01
3.088160000000000000e+09 9.408089034764705039e-01 3.623175056938367500e-01 1.843197348977031746e-01
3.090050000000000000e+09 9.487088096201117260e-01 3.583217669770398239e-01 1.865073034287068887e-01
3.091940000000000000e+09 9.566788000604760089e-01 3.542701883581797495e-01 1.886963527588131906e-01
3.093830000000000000e+09 9.647159789692933973e-01 3.501605407798307756e-01 1.908854553452676850e-01
3.095720000000000000e+09 9.728176828345650451e-01 3.459909581015383484e-01 1.930727649312093674e-01
3.097610000000000000e+09 9.809813047727631297e-01 3.417582258877103207e-01 1.952577362901478097e-01
3.099500000000000000e+09 9.892043152502744130e-01 3.374572880405897202e-01 1.974416012979060553e-01
3.101390000000000000e+09 9.974838769642202507e-01 3.330830280733438342e-01 1.996255347520347334e-01
3.103280000000000000e+09 1.005814288874570694e+00 3.286309893803438520e-01 2.018090204621604544e-01
3.105170000000000000e+09 1.014188315856752620e+00 3.240970689443799513e-01 2.039906365819934564e-01
3.107060000000000000e+09 1.022599389344587273e+00 3.194771779918901822e-01 2.061697007458690445e-01
3.108950000000000000e+09 1.031043025244892108e+00 3.147672610543972849e-01 2.083478199449227686e-01
3.110840000000000000e+09 1.039515102212009934e+00 3.099632626851480666e-01 2.105269543725171444e-01
3.112730000000000000e+09 1.048010448755239077e+00 3.050609355394317546e-01 2.127065400289945007e-01
3.114620000000000000e+09 1.056522679305835766e+00 3.000558104183296826e-01 2.148830946822719856e-01
3.116510000000000000e+09 1.065045268463923556e+00 2.949433490735230978e-01 2.170535742827711112e-01
3.118400000000000000e+09 1.073571155394798859e+00 2.897185928466638472e-01 2.192193897417291371e-01
3.120290000000000000e+09 1.082093040652867488e+00 2.843763948316361256e-01 2.213839512776770990e-01
3.122180000000000000e+09 1.090604501146243299e+00 2.789119189884469163e-01 2.235492690752521883e-01
3.124070000000000000e+09 1.099101347548135488e+00 2.733211229142791243e-01 2.257137650368510051e-01
3.125960000000000000e+09 1.107579665513981348e+00 2.676000778005653835e-01 2.278753623520226035e-01
3.127850000000000000e+09 1.116033872915719094e+00 2.617446146131274798e-01 2.300334002125768718e-01
3.129740000000000000e+09 1.124456754017085780e+00 2.557503290147468133e-01 2.321886047966475186e-01
3.131630000000000000e+09 1.132841022434068146e+00 2.496127409060283076e-01 2.343416133032158455e-01
3.133520000000000000e+09 1.141179378185543491e+00 2.433269700667929358e-01 2.364921701567267442e-01
3.135410000000000000e+09 1.149464524561857548e+00 2.368879902102424273e-01 2.386396840685990894e-01
3.137300000000000000e+09 1.157690609823601724e+00 2.302914845181450454e-01 2.407834559061008683e-01
3.139190000000000000e+09 1.165854857252450083e+00 2.235346465421889361e-01 2.429225583064052452e-01
3.141080000000000000e+09 1.173954692651310694e+00 2.166147726192088341e-01 2.450560855022239359e-01
3.142970000000000000e+09 1.181984326787415496e+00 2.095276355760875286e-01 2.471839855640897421e-01
3.144860000000000000e+09 1.189935302696067509e+00 2.022677440807521543e-01 2.493069150493598951e-01
3.146750000000000000e+09 1.197799364908781472e+00 1.948298699657480815e-01 2.514253106120699632e-01
3.148640000000000000e+09 1.205569668879718170e+00 1.872102918832621032e-01 2.535384024260891600e-01
3.150530000000000000e+09 1.213239817141362309e+00 1.794057552699346025e-01 2.556450497900540908e-01
3.152420000000000000e+09 1.220804059843348721e+00 1.714127231597832035e-01 2.577445998205009636e-01
3.154310000000000000e+09 1.228257804371013284e+00 1.632271535693538000e-01 2.598372717376732366e-01
3.156200000000000000e+09 1.235596491980357481e+00 1.548449584590592121e-01 2.619233455767067120e-01
3.158090000000000000e+09 1.242814438412909839e+00 1.462621320789535273e-01 2.640027145462420788e-01
3.159980000000000000e+09 1.249905169291444906e+00 1.374747264469746155e-01 2.660750003001102759e-01
3.161870000000000000e+09 1.256862222585485078e+00 1.284787131784538017e-01 2.681398972811249726e-01
3.163760000000000000e+09 1.263679254821636455e+00 1.192697269632152779e-01 2.701974237054198258e-01
3.165650000000000000e+09 1.270349952093563273e+00 1.098433137194854553e-01 2.722476719499926090e-01
3.167540000000000000e+09 1.276867943259676119e+00 1.001949178395957762e-01 2.742902114793682178e-01
3.169430000000000000e+09 1.283226770932537564e+00 9.031983073021722375e-02 2.763238237994581348e-01
3.171320000000000000e+09 1.289420044608552418e+00 8.021337327455503596e-02 2.783473253449630369e-01
3.173210000000000000e+09 1.295442142212774872e+00 6.987130379348534259e-02 2.803605721259762040e-01
3.175100000000000000e+09 1.301287896870753302e+00 5.928963974119451363e-02 2.823640360547035599e-01
3.176990000000000000e+09 1.306951547539485947e+00 4.846409739723601950e-02 2.843580165951859473e-01
3.178880000000000000e+09 1.312425284034147932e+00 3.738935309413637942e-02 2.863421968543545804e-01
3.180770000000000000e+09 1.317700881365795773e+00 2.605986922269754383e-02 2.883161360827244390e-01
3.182660000000000000e+09 1.322770940189164968e+00 1.447039961300898743e-02 2.902796758117907050e-01
3.184550000000000000e+09 1.327629113009842987e+00 2.616069382036369934e-03 2.922330171924538700e-01
3.186440000000000000e+09 1.332269152431749593e+00 -9.507933391828817318e-03 2.941763156712043359e-01
3.188330000000000000e+09 1.336685077485118889e+00 -2.190609543509539070e-02 2.961091490759778511e-01
3.190220000000000000e+09 1.340871039361813954e+00 -3.458274184688484715e-02 2.980308075234445742e-01
3.192110000000000000e+09 1.344820666172557688e+00 -4.754256102785719279e-02 2.999406773573561891e-01
3.194000000000000000e+09 1.348526101620257212e+00 -6.079127380949399251e-02 3.018384234577665137e-01
3.195890000000000000e+09 1.351979264987408724e+00 -7.433476748588185856e-02 3.037237631905321256e-01
3.197780000000000000e+09 1.355173044217752976e+00 -8.817853030809680304e-02 3.055965068604114543e-01
3.199670000000000000e+09 1.358101372334228341e+00 -1.023276200035909272e-01 3.074565650430412522e-01
3.201560000000000000e+09 1.360758090192125680e+00 -1.167871128113089074e-01 3.093038407170529136e-01
3.203450000000000000e+09 1.363136056641857774e+00 -1.315623568813532873e-01 3.111381511357571017e-01
3.205340000000000000e+09 1.365227722716732428e+00 -1.466588128796553758e-01 3.129592778423316846e-01
3.207230000000000000e+09 1.367026070417036276e+00 -1.620816814560250008e-01 3.147670183469112870e-01
3.209120000000000000e+09 1.368525338614952513e+00 -1.778355484515481977e-01 3.165612081398692657e-01
3.211010000000000000e+09 1.369719921932577078e+00 -1.939249376152578086e-01 3.183416805945532002e-01
3.212900000000000000e+09 1.370603711842006911e+00 -2.103548960738472473e-01 3.201081196503450799e-01
3.214790000000000000e+09 1.371170139854824388e+00 -2.271309494058776079e-01 3.218600726398029299e-01
3.216680000000000000e+09 1.371412682240498837e+00 -2.442585294833909959e-01 3.235972041126015664e-01
3.218570000000000000e+09 1.371325160386256625e+00 -2.617424453528899297e-01 3.253198626460815368e-01
3.220460000000000000e+09 1.370901515657060976e+00 -2.795872925832381117e-01 3.270286307388888258e-01
3.222350000000000000e+09 1.370135689490247888e+00 -2.977980601968659990e-01 3.287235897400506146e-01
3.224240000000000000e+09 1.369021623228044771e+00 -3.163805158168542242e-01 3.304038293549266814e-01
3.226130000000000000e+09 1.367553252152958088e+00 -3.353404868627856694e-01 3.320683788273684489e-01
3.228020000000000000e+09 1.365724420280290063e+00 -3.546833231862768776e-01 3.337171124917157061e-01
3.229910000000000000e+09 1.363528900975398361e+00 -3.744140049535740200e-01 3.353505588668674875e-01
3.231800000000000000e+09 1.360960516919546670e+00 -3.945376080720833234e-01 3.369690391375770866e-01
3.233690000000000000e+09 1.358013326885665784e+00 -4.150596947452653285e-01 3.385718389782721438e-01
3.235580000000000000e+09 1.354681454023290987e+00 -4.359859684767044552e-01 3.401579547042620222e-01
3.237470000000000000e+09 1.350958751508813283e+00 -4.573222137241790275e-01 3.417270541129368566e-01
3.239360000000000000e+09 1.346838623289400516e+00 -4.790743496263117351e-01 3.432799223529178767e-01
3.241250000000000000e+09 1.342314486316992461e+00 -5.012482986692781139e-01 3.448173560244922053e-01
3.243140000000000000e+09 1.337380415057776828e+00 -5.238498720917991180e-01 3.463390353701489843e-01
3.245030000000000000e+09 1.332030914212968042e+00 -5.468848083397522819e-01 3.478439101595208749e-01
3.246920000000000000e+09 1.326260301069696279e+00 -5.703589654886536131e-01 3.493312148107858284e-01
3.248810000000000000e+09 1.320062149708302490e+00 -5.942786626918705739e-01 3.508013176251706389e-01
3.250700000000000000e+09 1.313429861205769544e+00 -6.186503278879644796e-01 3.522548485934686169e-01
3.252590000000000000e+09 1.306357030564538002e+00 -6.434803366185619655e-01 3.536920366280449368e-01
3.254480000000000000e+09 1.298837525188022424e+00 -6.687749908249627229e-01 3.551125472590254128e-01
3.256370000000000000e+09 1.290865220188938789e+00 -6.945406180374223970e-01 3.565160439274945303e-01
3.258260000000000000e+09 1.282433870240356821e+00 -7.207838404872074500e-01 3.579025704326732060e-01
3.260150000000000000e+09 1.273537163639150593e+00 -7.475114428963957058e-01 3.592723803098072377e-01
3.262040000000000000e+09 1.264168907139213038e+00 -7.747301120469706204e-01 3.606256408794956125e-01
3.263930000000000000e+09 1.254323283669171119e+00 -8.024462201445645704e-01 3.619622403434344937e-01
3.265820000000000000e+09 1.243994544871834806e+00 -8.306660963701135714e-01 3.632820161614124244e-01
3.267710000000000000e+09 1.233176770989622861e+00 -8.593966766355731757e-01 3.645849407870465075e-01
3.269600000000000000e+09 1.221863838543647551e+00 -8.886456179949951961e-01 3.658711471235266965e-01
3.271490000000000000e+09 1.210049627683627671e+00 -9.184205069596586002e-01 3.671407580945093563e-01
3.273380000000000000e+09 1.197728137444314722e+00 -9.487280664752565373e-01 3.683937483443550653e-01
3.275270000000000000e+09 1.184893422186546807e+00 -9.795746203432180721e-01 3.696300240117038616e-01
3.277160000000000000e+09 1.171539678060537160e+00 -1.010966852980726971e+00 3.708495682429221452e-01
3.279050000000000000e+09 1.157661472487486076e+00 -1.042912400779921089e+00 3.720525672349105362e-01
3.280940000000000000e+09 1.143253406067663791e+00 -1.075419051874401344e+00 3.732392343774678101e-01
3.282830000000000000e+09 1.128309451040725886e+00 -1.108494535780265133e+00 3.744096500958065121e-01
3.284720000000000000e+09 1.112822946934193258e+00 -1.142146522990169499e+00 3.755637609297466928e-01
3.286610000000000000e+09 1.096787398192455187e+00 -1.176382678722287523e+00 3.767015071807877646e-01
3.288500000000000000e+09 1.080197518633412512e+00 -1.211210651404815763e+00 3.778228269882411006e-01
3.290390000000000000e+09 1.063048487863560432e+00 -1.246638083979969558e+00 3.789276581533491672e-01
3.292280000000000000e+09 1.045335065113413453e+00 -1.282672817245415819e+00 3.800160360936124526e-01
3.294170000000000000e+09 1.027051086000231095e+00 -1.319323125694293442e+00 3.810882101883031892e-01
3.296060000000000000e+09 1.008190282619435107e+00 -1.356597349531600383e+00 3.821444559721501877e-01
3.297950000000000000e+09 9.887467192375225533e-01 -1.394503973208173431e+00 3.831850101922667506e-01
3.299840000000000000e+09 9.687147434900948983e-01 -1.433051604228348319e+00 3.842100765067558710e-01
3.301730000000000000e+09 9.480887465359745248e-01 -1.472248879766883789e+00 3.852197964992218893e-01
3.303620000000000000e+09 9.268632973071359027e-01 -1.512104569792925624e+00 3.862139968039505766e-01
3.305510000000000000e+09 9.050330203784187066e-01 -1.552627490026792900e+00 3.871924064042844837e-01
3.307400000000000000e+09 8.825923849155089540e-01 -1.593826759655915692e+00 3.881551226056228487e-01
3.309290000000000000e+09 8.595355741554145945e-01 -1.635712056064729136e+00 3.891029203386947022e-01
3.311180000000000000e+09 8.358567318641307864e-01 -1.678293116174782940e+00 3.900365958031260516e-01
3.313070000000000000e+09 8.115498828308075341e-01 -1.721579670734312284e+00 3.909562434871324821e-01
3.314960000000000000e+09 7.866089659498861630e-01 -1.765581446034765856e+00 3.918614512820585705e-01
3.316850000000000000e+09 7.610281001471544959e-01 -1.810308314385937756e+00 3.927519298634505884e-01
3.318740000000000000e+09 7.348021798078067102e-01 -1.855770770889049182e+00 3.936279611162615266e-01
3.320630000000000000e+09 7.079262991975026065e-01 -1.901979476735524699e+00 3.944899769219843977e-01
3.322520000000000000e+09 6.803951514492896369e-01 -1.948945104620045665e+00 3.953382794671253531e-01
3.324410000000000000e+09 6.522028079378169307e-01 -1.996678345065052929e+00 3.961729699088612500e-01
3.326300000000000000e+09 6.233433026673854682e-01 -2.045189957477970832e+00 3.969941608772676878e-01
3.328190000000000000e+09 5.938108432812365667e-01 -2.094491427010885864e+00 3.978022749675007019e-01
3.330080000000000000e+09 5.635997432728280243e-01 -2.144594681236470457e+00 3.985979237156356270e-01
3.331970000000000000e+09 5.327043216061027042e-01 -2.195511774857117349e+00 3.993815246995633950e-01
3.333860000000000000e+09 5.011189112139496915e-01 -2.247255188376362067e+00 4.001528025390493348e-01
3.335750000000000000e+09 4.688378514588759094e-01 -2.299837501317948174e+00 4.009113384309107020e-01
3.337640000000000000e+09 4.358556145790877245e-01 -2.353271502238608370e+00 4.016570755373723989e-01
3.339530000000000000e+09 4.021668468713011646e-01 -2.407570253514669023e+00 4.023904311717645954e-01
3.341420000000000000e+09 3.677661887685894082e-01 -2.462746899503350129e+00 4.031118732130670734e-01
3.343310000000000000e+09 3.326481278194661217e-01 -2.518815134382204501e+00 4.038220296538146403e-01
3.345200000000000000e+09 2.968070731660278350e-01 -2.575788934622119886e+00 4.045216104066228779e-01
3.347090000000000000e+09 2.602374643919507236e-01 -2.633682530561019863e+00 4.052110732261110515e-01
3.348980000000000000e+09 2.229338318768890048e-01 -2.692510887422313814e+00 4.058901372958225728e-01
3.350870000000000000e+09 1.848907350818284612e-01 -2.752289108137600859e+00 4.065584053509695428e-01
3.352760000000000000e+09 1.461030850898753231e-01 -2.813032413872550652e+00 4.072159743294090917e-01
3.354650000000000000e+09 1.065661829751979456e-01 -2.874756156928589768e+00 4.078634892989457805e-01
3.356540000000000000e+09 6.627527621173617822e-02 -2.937475893034679597e+00 4.085015635860140271e-01
3.358430000000000000e+09 2.522509142655672207e-02 -3.001208563774300675e+00 4.091303857569509872e-01
3.360320000000000000e+09 -1.658986776164202842e-02 -3.065971706968804611e+00 4.097499622295812105e-01
3.362210000000000000e+09 -5.917480228615059484e-02 -3.131783006130089753e+00 4.103604488836818387e-01
3.364100000000000000e+09 -1.025341921559796560e-01 -3.198660493614366995e+00 4.109623669553970071e-01
3.365990000000000000e+09 -1.466724137797411898e-01 -3.266622283683088490e+00 4.115562759639897483e-01
3.367880000000000000e+09 -1.915939248602077094e-01 -3.335687106423401271e+00 4.121424010180225195e-01
3.369770000000000000e+09 -2.373032594978231880e-01 -3.405874270655890435e+00 4.127206529574971583e-01
3.371660000000000000e+09 -2.838049336780815723e-01 -3.477203416080516085e+00 4.132909830248117089e-01
3.373550000000000000e+09 -3.311033415502311894e-01 -3.549695965332915648e+00 4.138536464446668228e-01
3.375440000000000000e+09 -3.792028320963309884e-01 -3.623373980946135831e+00 4.144090072511806833e-01
3.377330000000000000e+09 -4.281075391813236042e-01 -3.698259628473876237e+00 4.149574051199372837e-01
3.379220000000000000e+09 -4.778211587203628485e-01 -3.774375281590143683e+00 4.154991298380188436e-01
3.381110000000000000e+09 -5.283473348078980836e-01 -3.851743445626975237e+00 4.160344664171868323e-01
3.383000000000000000e+09 -5.796897343039792982e-01 -3.930388300014355352e+00 4.165637202160536456e-01
3.384890000000000000e+09 -6.318520421884801230e-01 -4.010335356646979932e+00 4.170872127879003410e-01
3.386780000000000000e+09 -6.848378133419751324e-01 -4.091610447791828697e+00 4.176052131776206156e-01
3.388670000000000000e+09 -7.386499803670147912e-01 -4.174240756380783957e+00 4.181177381052954001e-01
3.390560000000000000e+09 -7.932912881695451945e-01 -4.258253877507838681e+00 4.186247316195392254e-01
3.392450000000000000e+09 -8.487642773329653334e-01 -4.343678229593175288e+00 4.191263289715148610e-01
3.394340000000000000e+09 -9.050711386723482299e-01 -4.430543640561086960e+00 4.196229927921031888e-01
3.396230000000000000e+09 -9.622139857903979632e-01 -4.518880216919429316e+00 4.201151912845368930e-01
3.398120000000000000e+09 -1.020194403826614860e+00 -4.608719793509608920e+00 4.206030655022426346e-01
3.400010000000000000e+09 -1.079013622243043979e+00 -4.700095368412544161e+00 4.210865363134179140e-01
3.401900000000000000e+09 -1.138672676105218828e+00 -4.793040502457345475e+00 4.215656564292916131e-01
3.403790000000000000e+09 -1.199171861225946767e+00 -4.887590886696838055e+00 4.220410137789397664e-01
3.405680000000000000e+09 -1.260511281149051754e+00 -4.983782767883099929e+00 4.225133195710028544e-01
3.407570000000000000e+09 -1.322690521262825492e+00 -5.081653968793088616e+00 4.229828642533597360e-01
3.409460000000000000e+09 -1.385708418422379573e+00 -5.181244588946626095e+00 4.234493304382657697e-01
3.411350000000000000e+09 -1.449563670299298002e+00 -5.282595135824887045e+00 4.239124178347680183e-01
3.413240000000000000e+09 -1.514254180997298249e+00 -5.385748379535803210e+00 4.243724600333921293e-01
3.415130000000000000e+09 -1.579777404073348990e+00 -5.490748374735793469e+00 4.248301503691773728e-01
3.417020000000000000e+09 -1.646130316088962653e+00 -5.597640334332123935e+00 4.252860363773116048e-01
3.418910000000000000e+09 -1.713308356690743661e+00 -5.706473196079516974e+00 4.257401772161915621e-01
3.420800000000000000e+09 -1.781306627128994569e+00 -5.817296722710410428e+00 4.261925375078477463e-01
3.422690000000000000e+09 -1.850119344750111416e+00 -5.930162983982397940e+00 4.266432430255774344e-01
3.424580000000000000e+09 -1.919739646781652986e+00 -6.045126868807222387e+00 4.270926164673884418e-01
3.426470000000000000e+09 -1.990160412554521585e+00 -6.162244017307799027e+00 4.275409566808438533e-01
3.428360000000000000e+09 -2.061372995205122738e+00 -6.281574673206618442e+00 4.279882779415898897e-01
3.430250000000000000e+09 -2.133368018756681916e+00 -6.403181278517458885e+00 4.284344590100329642e-01
3.432140000000000000e+09 -2.206135284219518766e+00 -6.527128135006538656e+00 4.288794957302390354e-01
3.434030000000000000e+09 -2.279662378282332647e+00 -6.653484538940840132e+00 4.293237029465204468e-01
3.435920000000000000e+09 -2.353936448281792604e+00 -6.782320812825873624e+00 4.297674439045504613e-01
3.437810000000000000e+09 -2.428942961678447254e+00 -6.913711931878069095e+00 4.302109590730147093e-01
3.439700000000000000e+09 -2.504665647075233981e+00 -7.047737687384306504e+00 4.306543618328340095e-01
3.441590000000000000e+09 -2.581087723212474927e+00 -7.184479223007117277e+00 4.310977559881088994e-01
3.443480000000000000e+09 -2.658189623887286857e+00 -7.324025008167519779e+00 4.315412213384930418e-01
3.445370000000000000e+09 -2.735950665326894793e+00 -7.466466450924225562e+00 4.319848285863430726e-01
3.447260000000000000e+09 -2.814348621407318340e+00 -7.611898766611656875e+00 4.324287550198857022e-01
3.449150000000000000e+09 -2.893357790215829173e+00 -7.760425749452510402e+00 4.328734186317830801e-01
3.451040000000000000e+09 -2.972951857501487716e+00 -7.912152847631631403e+00 4.333192471637278831e-01
3.452930000000000000e+09 -3.053102018905835990e+00 -8.067194273713512942e+00 4.337662411769278581e-01
3.454820000000000000e+09 -3.133777286185602140e+00 -8.225671926836639614e+00 4.342140265849219749e-01
3.456710000000000000e+09 -3.214945578982412400e+00 -8.387710360836850398e+00 4.346623080473420164e-01
3.458600000000000000e+09 -3.296569389774975267e+00 -8.553446892041447924e+00 4.351112777136352250e-01
3.460490000000000000e+09 -3.378609391382029870e+00 -8.723023149391970321e+00 4.355612889593801218e-01
3.462380000000000000e+09 -3.461024212592158644e+00 -8.896589274421536686e+00 4.360126329111849164e-01
3.464270000000000000e+09 -3.543768614138129269e+00 -9.074311521689473636e+00 4.364654826273132726e-01
3.466160000000000000e+09 -3.626796557003846733e+00 -9.256359119524161017e+00 4.369199865296746754e-01
3.468050000000000000e+09 -3.710056772145081450e+00 -9.442918011395951439e+00 4.373761302111970894e-01
3.469940000000000000e+09 -3.793494107730543519e+00 -9.634186550141873084e+00 4.378337783801312111e-01
3.471830000000000000e+09 -3.877051868651425703e+00 -9.830369484837198968e+00 4.382928604505851311e-01
3.473720000000000000e+09 -3.960666974023827169e+00 -1.003169841465325796e+01 4.387536031323304164e-01
3.475610000000000000e+09 -4.044274530813408930e+00 -1.023841261248748147e+01 4.392163119298217455e-01
3.477500000000000000e+09 -4.127805990426320903e+00 -1.045077023760300960e+01 4.396811012784600514e-01
3.479390000000000000e+09 -4.211186975553838252e+00 -1.066905956326518989e+01 4.401477809498864913e-01
3.481280000000000000e+09 -4.294342034253215701e+00 -1.089357508208099645e+01 4.406161531736350057e-01
3.483170000000000000e+09 -4.377189518513890043e+00 -1.112465076493526261e+01 4.410862404494256261e-01
3.485060000000000000e+09 -4.459643894348039872e+00 -1.136264534219087174e+01 4.415582034204320050e-01
3.486950000000000000e+09 -4.541616766416196604e+00 -1.160793419679435878e+01 4.420322006826326589e-01
3.488840000000000000e+09 -4.623009550562164449e+00 -1.186095188863547811e+01 4.425083756373459631e-01
3.490730000000000000e+09 -4.703721394668030520e+00 -1.212214768571753787e+01 4.429868627502301370e-01
3.492620000000000000e+09 -4.783653461740538404e+00 -1.239202400771770840e+01 4.434675649639608364e-01
3.494510000000000000e+09 -4.862709629114679188e+00 -1.267115486844013894e+01 4.439500733648864550e-01
3.496400000000000000e+09 -4.940789202050019924e+00 -1.296012953989036021e+01 4.444340445593850109e-01
3.498290000000000000e+09 -5.017748719397546076e+00 -1.325962894230184297e+01 4.449199208719128995e-01
3.500180000000000000e+09 -5.093422145688675684e+00 -1.357038244356425238e+01 4.454085593247246733e-01
3.502070000000000000e+09 -5.167661405273197950e+00 -1.389318860264457633e+01 4.459004190350497332e-01
3.503960000000000000e+09 -5.240373152661800482e+00 -1.422905313955605067e+01 4.463947488853943213e-01
3.505850000000000000e+09 -5.311473358292853497e+00 -1.457902370127061609e+01 4.468905955175179745e-01
3.507740000000000000e+09 -5.380849946419712815e+00 -1.494423836550630469e+01 4.473877366599620653e-01
3.509630000000000000e+09 -5.448358862495566335e+00 -1.532593832085900409e+01 4.478867836404920033e-01
3.511520000000000000e+09 -5.513855411254258598e+00 -1.572547767554074305e+01 4.483882756282270288e-01
3.513410000000000000e+09 -5.577202924045010057e+00 -1.614499289145387806e+01 4.488918946791898845e-01
3.515300000000000000e+09 -5.638268286279928709e+00 -1.658696604127291252e+01 4.493969440326424647e-01
3.517190000000000000e+09 -5.696918007900726444e+00 -1.705353323477444150e+01 4.499030364756460010e-01
3.519080000000000000e+09 -5.753017617583640941e+00 -1.754595923690124692e+01 4.504105652040509278e-01
3.520970000000000000e+09 -5.806432696662912285e+00 -1.806561392483078166e+01 4.509200229859974263e-01
3.522860000000000000e+09 -5.857033239049559192e+00 -1.861904775118703981e+01 4.514314531150843690e-01
3.524750000000000000e+09 -5.904693501558213597e+00 -1.921781602058477034e+01 4.519444646564023116e-01
3.526640000000000000e+09 -5.949289332018367737e+00 -1.987049698470033476e+01 4.524587142509330917e-01
3.528530000000000000e+09 -5.990705040782204449e+00 -2.056666893216915781e+01 4.529742485490885207e-01
3.530420000000000000e+09 -6.028828105008796179e+00 -2.128912654833500184e+01 4.534912573578910866e-01
3.532310000000000000e+09 -6.063552276136396912e+00 -2.205958924223141437e+01 4.540097664643638620e-01
3.534200000000000000e+09 -6.094784452226557292e+00 -2.298142511066702554e+01 4.545294572208755657e-01
3.536090000000000000e+09 -6.122433968703363760e+00 -2.415443620789254098e+01 4.550499897398355142e-01
3.537980000000000000e+09 -6.146423012456122770e+00 -2.545085158804043601e+01 4.555713878425823871e-01
3.539870000000000000e+09 -6.166684287235679740e+00 -2.655666833126876725e+01 4.560939729878353832e-01
3.541760000000000000e+09 -6.183155038555670835e+00 -2.739664788887139935e+01 4.566179921801785668e-01
3.543650000000000000e+09 -6.195793334237492012e+00 -2.909708546852739985e+01 4.571432831039592415e-01
3.545540000000000000e+09 -6.204563754674914833e+00 -3.313348745036702070e+01 4.576695585585771053e-01
3.547430000000000000e+09 -6.209441356315056559e+00 -3.926910162909917545e+01 4.581965987825781239e-01
3.549320000000000000e+09 -6.210419649692441979e+00 -4.425028281634258320e+01 4.587243028903287834e-01
3.551210000000000000e+09 -6.207495487955728031e+00 -4.479881709430335235e+01 4.592525745659246650e-01
3.553100000000000000e+09 -6.200684489082682660e+00 -4.125740501658157200e+01 4.597812209766065084e-01
3.554990000000000000e+09 -6.190015260588868529e+00 -3.647524506714254500e+01 4.603099824779585125e-01
3.556880000000000000e+09 -6.175521620309528892e+00 -3.279038821348880361e+01 4.608386799887567165e-01
3.558770000000000000e+09 -6.157257504709885865e+00 -3.025979255713698990e+01 4.613674672686522982e-01
3.560660000000000000e+09 -6.135282151000104989e+00 -2.836441298965829105e+01 4.618965767045507542e-01
3.562550000000000000e+09 -6.109665027810032178e+00 -2.676737072766312053e+01 4.624259232349292592e-01
3.564440000000000000e+09 -6.080490805544963351e+00 -2.540244864969421812e+01 4.629549501354433549e-01
3.566330000000000000e+09 -6.047846609124445827e+00 -2.422591760092077706e+01 4.634831308172304709e-01
3.568220000000000000e+09 -6.011832003715314343e+00 -2.319935356772867507e+01 4.640106359232675781e-01
3.570110000000000000e+09 -5.972553821097032589e+00 -2.228743198987370278e+01 4.645380432811995197e-01
3.572000000000000000e+09 -5.930122270763500403e+00 -2.145991900889684345e+01 4.650656199442289029e-01
3.573890000000000000e+09 -5.884658609165816401e+00 -2.070356111567932089e+01 4.655925712187626853e-01
3.575780000000000000e+09 -5.836286505746451247e+00 -2.000869935288508472e+01 4.661178996997031310e-01
3.577670000000000000e+09 -5.785133042407037074e+00 -1.936678648935430758e+01 4.666413346347656477e-01
3.579560000000000000e+09 -5.731329588435445821e+00 -1.877067205775092873e+01 4.671635182324148095e-01
3.581450000000000000e+09 -5.675008096250286016e+00 -1.821355037791152753e+01 4.676850657331758088e-01
3.583340000000000000e+09 -5.616303073445520155e+00 -1.769072104233031340e+01 4.682058938320093344e-01
3.585230000000000000e+09 -5.555350281991864314e+00 -1.719851781320700468e+01 4.687255762827669536e-01
3.587120000000000000e+09 -5.492285199582597421e+00 -1.673355245289676319e+01 4.692437537732995212e-01
3.589010000000000000e+09 -5.427242486734794369e+00 -1.629319221090555203e+01 4.697602603169047653e-01
3.590900000000000000e+09 -5.360356561761080663e+00 -1.587495023152792051e+01 4.702749616097650631e-01
3.592790000000000000e+09 -5.291759242297900734e+00 -1.547673165237499759e+01 4.707876779155134028e-01
3.594680000000000000e+09 -5.221579578622675299e+00 -1.509685872805922102e+01 4.712981811533660803e-01
3.596570000000000000e+09 -5.149945750714569392e+00 -1.473371861929647153e+01 4.718063134749115872e-01
3.598460000000000000e+09 -5.076981004144527354e+00 -1.438599797923811607e+01 4.723124035580774649e-01
3.600350000000000000e+09 -5.002806545288710716e+00 -1.405250689659724195e+01 4.728169786695781140e-01
3.602240000000000000e+09 -4.927540722683605878e+00 -1.373214301629818124e+01 4.733202094107281654e-01
3.604130000000000000e+09 -4.851295251883753323e+00 -1.342400676350963451e+01 4.738214353316323457e-01
3.606020000000000000e+09 -4.774180633227920190e+00 -1.312723287135181138e+01 4.743199105667531557e-01
3.607910000000000000e+09 -4.696302096224466815e+00 -1.284106256477326191e+01 4.748155135802140658e-01
3.609800000000000000e+09 -4.617760118117553603e+00 -1.256483308344210137e+01 4.753086857416523592e-01
3.611690000000000000e+09 -4.538653689607420105e+00 -1.229790275130334720e+01 4.757997967083121282e-01
3.613580000000000000e+09 -4.459074553651807271e+00 -1.203972704951962491e+01 4.762887103294157765e-01
3.615470000000000000e+09 -4.379111941976566946e+00 -1.178979499261672892e+01 4.767751180037727021e-01
3.617360000000000000e+09 -4.298851383810713855e+00 -1.154762927390737559e+01 4.772587965567750001e-01
3.619250000000000000e+09 -4.218371195658698447e+00 -1.131281817702783954e+01 4.777396896257294912e-01
3.621140000000000000e+09 -4.137748491168279585e+00 -1.108496042597434617e+01 4.782177605431193190e-01
3.623030000000000000e+09 -4.057054909348815741e+00 -1.086369716998629187e+01 4.786929792145222518e-01
3.624920000000000000e+09 -3.976357909888576625e+00 -1.064870194559536820e+01 4.791653205633955026e-01
3.626810000000000000e+09 -3.895723356250290426e+00 -1.043965795826664866e+01 4.796347539226141210e-01
3.628700000000000000e+09 -3.815210340734104477e+00 -1.023628861808881041e+01 4.801012226561849894e-01
3.630590000000000000e+09 -3.734875988707610173e+00 -1.003832897409800573e+01 4.805646603837672171e-01
3.632480000000000000e+09 -3.654774234139428479e+00 -9.845530216749452279e+00 4.810248338448568917e-01
3.634370000000000000e+09 -3.574953775957558477e+00 -9.657670014037567086e+00 4.814812360253101775e-01
3.636260000000000000e+09 -3.495462444646729061e+00 -9.474530281806336163e+00 4.819333804714664438e-01
3.638150000000000000e+09 -3.416343622793630352e+00 -9.295913752204343794e+00 4.823813150808073380e-01
3.640040000000000000e+09 -3.337637823360711131e+00 -9.121636587297086152e+00 4.828254324924304841e-01
3.641930000000000000e+09 -3.259384095423217609e+00 -8.951519999106244185e+00 4.832660124003763102e-01
3.643820000000000000e+09 -3.181616172093975958e+00 -8.785403317171709858e+00 4.837028889275145627e-01
3.645710000000000000e+09 -3.104366492027982094e+00 -8.623130338841930254e+00 4.841357955894797782e-01
3.647600000000000000e+09 -3.027665362780443736e+00 -8.464554656019707579e+00 4.845646432236613288e-01
3.649490000000000000e+09 -2.951540140018930281e+00 -8.309543427510696745e+00 4.849895882842405470e-01
3.651380000000000000e+09 -2.876017605614434203e+00 -8.157965940879682520e+00 4.854107746190280959e-01
3.653270000000000000e+09 -2.801121220470791151e+00 -8.009702016221504906e+00 4.858280608613934071e-01
3.655160000000000000e+09 -2.726872639717025315e+00 -7.864637200908865644e+00 4.862411506473351963e-01
3.657050000000000000e+09 -2.653292592720723597e+00 -7.722660436165105224e+00 4.866498526098039235e-01
3.658940000000000000e+09 -2.580398987344126205e+00 -7.583671034568933322e+00 4.870543065478359912e-01
3.660830000000000000e+09 -2.508209117424649026e+00 -7.447570498750118340e+00 4.874547121279334538e-01
3.662720000000000000e+09 -2.436738173464893187e+00 -7.314265972938716942e+00 4.878511352585268579e-01
3.664610000000000000e+09 -2.365998880395262738e+00 -7.183671214564319563e+00 4.882434850540939841e-01
3.666500000000000000e+09 -2.296003694649193516e+00 -7.055701174424682698e+00 4.886316703571729758e-01
3.668390000000000000e+09 -2.226764106766162765e+00 -6.930276963493421150e+00 4.890156653314408630e-01
3.670280000000000000e+09 -2.158291163955553760e+00 -6.807322508601871824e+00 4.893954742332906060e-01
3.672170000000000000e+09 -2.090594688267217727e+00 -6.686764212817776887e+00 4.897712355571796072e-01
3.674060000000000000e+09 -2.023681341192829386e+00 -6.568534841844495098e+00 4.901434343369942548e-01
3.675950000000000000e+09 -1.957557278388685651e+00 -6.452568326084225703e+00 4.905125827308886022e-01
3.677840000000000000e+09 -1.892228608812466017e+00 -6.338802015303024007e+00 4.908785542677213676e-01
3.679730000000000000e+09 -1.827701395044405430e+00 -6.227176655113903614e+00 4.912405882392723577e-01
3.681620000000000000e+09 -1.763981367355531571e+00 -6.117633913871635798e+00 4.915980671088019394e-01
3.683510000000000000e+09 -1.701072217528153407e+00 -6.010120254557680397e+00 4.919514249635558722e-01
3.685400000000000000e+09 -1.638976859025246924e+00 -5.904583974472151553e+00 4.923014945134720488e-01
3.687290000000000000e+09 -1.577697935497601733e+00 -5.800974680029556296e+00 4.926487151214186122e-01
3.689180000000000000e+09 -1.517237511191157795e+00 -5.699244797142335450e+00 4.929926749433056199e-01
3.691070000000000000e+09 -1.457597499625634230e+00 -5.599347247726660370e+00 4.933328696997740237e-01
3.692960000000000000e+09 -1.398778522844643213e+00 -5.501237161058425862e+00 4.936691127017671654e-01
3.694850000000000000e+09 -1.340780116311743209e+00 -5.404871523569860337e+00 4.940014844639993297e-01
3.696740000000000000e+09 -1.283601754362833081e+00 -5.310208017795850388e+00 4.943300587586791361e-01
3.698630000000000000e+09 -1.227242772788549097e+00 -5.217207568353503078e+00 4.946548328194745325e-01
3.700520000000000000e+09 -1.171702456480559817e+00 -5.125832133872214591e+00 4.949757800784868045e-01
3.702410000000000000e+09 -1.116979420012855773e+00 -5.036044351097888061e+00 4.952929161703074623e-01
3.704300000000000000e+09 -1.063071062568072378e+00 -4.947808085598915717e+00 4.956063332687767886e-01
3.706190000000000000e+09 -1.009974635667522103e+00 -4.861087492191069614e+00 4.959161292885090888e-01
3.708080000000000000e+09 -9.576871324392635110e-01 -4.775848853717425513e+00 4.962223709554731688e-01
3.709970000000000000e+09 -9.062053620581674851e-01 -4.692059967988683411e+00 4.965251027920761229e-01
3.711860000000000000e+09 -8.555260429779917297e-01 -4.609689167605274029e+00 4.968243297740961850e-01
3.713750000000000000e+09 -8.056455296085086593e-01 -4.528706892442913912e+00 4.971198929713001036e-01
3.715640000000000000e+09 -7.565600770519146367e-01 -4.449084145230938425e+00 4.974115951333230590e-01
3.717530000000000000e+09 -7.082657174377909870e-01 -4.370792526636604336e+00 4.976995079134515776e-01
3.719420000000000000e+09 -6.607581421350409157e-01 -4.293804551131517933e+00 4.979841139212476953e-01
3.721310000000000000e+09 -6.140329415793445156e-01 -4.218092929044365391e+00 4.982659081730798079e-01
3.723200000000000000e+09 -5.680849428397498624e-01 -4.143631626592767070e+00 4.985451501607567892e-01
3.725090000000000000e+09 -5.229085142388664176e-01 -4.070395364813299999e+00 4.988219578221130823e-01
3.726980000000000000e+09 -4.784982800290877303e-01 -3.998359406037684582e+00 4.990963673176215809e-01
3.728870000000000000e+09 -4.348497739399267425e-01 -3.927500854446488887e+00 4.993681378497641932e-01
3.730760000000000000e+09 -3.919587169262743198e-01 -3.857797229751126711e+00 4.996369740296351392e-01
3.732650000000000000e+09 -3.498204521885460716e-01 -3.789226682892332665e+00 4.999027885426459150e-01
3.734540000000000000e+09 -3.084298349353369328e-01 -3.721768180247237545e+00 5.001657628693424451e-01
3.736430000000000000e+09 -2.677816965283655315e-01 -3.655400833923892367e+00 5.004260954454373689e-01
3.738320000000000000e+09 -2.278709406480373678e-01 -3.590104536701219651e+00 5.006839773954936401e-01
3.740210000000000000e+09 -1.886925074351048226e-01 -3.525859576723408662e+00 5.009395961966215394e-01
3.742100000000000000e+09 -1.502412327789311164e-01 -3.462646890173835867e+00 5.011931882645660474e-01
3.743990000000000000e+09 -1.125116518758648571e-01 -3.400449268545413961e+00 5.014451308695663245e-01
3.745880000000000000e+09 -7.549824870110323494e-02 -3.339249822994798667e+00 5.016958108745301903e-01
3.747770000000000000e+09 -3.919557561545500973e-02 -3.279031341248698439e+00 5.019451915699261191e-01
3.749660000000000000e+09 -3.598259786629930818e-03 -3.219776257234373329e+00 5.021927729010731145e-01
3.751550000000000000e+09 3.129908940891740210e-02 -3.161467153350089987e+00 5.024381536107057622e-01
3.753440000000000000e+09 6.550201227392740688e-02 -3.104087765787147291e+00 5.026817805209320422e-01
3.755330000000000000e+09 9.901611226936023191e-02 -3.047622321287890568e+00 5.029244585334458062e-01
3.757220000000000000e+09 1.318469220779330819e-01 -2.992055612589724412e+00 5.031666595302548561e-01
3.759110000000000000e+09 1.639998042014272628e-01 -2.937373784743479987e+00 5.034080541478310744e-01
3.761000000000000000e+09 1.954801035296479528e-01 -2.883563157861503967e+00 5.036482235902048910e-01
3.762890000000000000e+09 2.262933130511428359e-01 -2.830609582265052993e+00 5.038873152083505058e-01
3.764780000000000000e+09 2.564450630239714646e-01 -2.778498472836202993e+00 5.041260011025654464e-01
3.766670000000000000e+09 2.859411325217542377e-01 -2.727215326092292891e+00 5.043648462609265914e-01
3.768560000000000000e+09 3.147881174835848173e-01 -2.676746196365066055e+00 5.046036937790148169e-01
3.770450000000000000e+09 3.429928999627925856e-01 -2.627077338843030407e+00 5.048421328461289992e-01
3.772340000000000000e+09 3.705620521530537115e-01 -2.578195545378773268e+00 5.050798820691171365e-01
3.774230000000000000e+09 3.975015237466718032e-01 -2.530088684380118913e+00 5.053169203590356373e-01
3.776120000000000000e+09 4.238172457125962134e-01 -2.482744686854555738e+00 5.055532825436267474e-01
3.778010000000000000e+09 4.495160071147327185e-01 -2.436150465526984110e+00 5.057893856998915139e-01
3.779900000000000000e+09 4.746052705732017318e-01 -2.390292133827820020e+00 5.060259469489711837e-01
3.781790000000000000e+09 4.990922785965957176e-01 -2.345156225520548254e+00 5.062635340991051836e-01
3.783680000000000000e+09 5.229831566800932086e-01 -2.300731346118195297e+00 5.065019769909574476e-01
3.785570000000000000e+09 5.462837057772018667e-01 -2.257006704124841168e+00 5.067408921123787158e-01
3.787460000000000000e+09 5.689999251126381941e-01 -2.213971221002919432e+00 5.069801078586830823e-01
3.789350000000000000e+09 5.911381486288775911e-01 -2.171613333607965934e+00 5.072198103348043441e-01
3.791240000000000000e+09 6.127047050223523028e-01 -2.129921562058749718e+00 5.074601566356164994e-01
3.793130000000000000e+09 6.337054700096981241e-01 -2.088885996600238659e+00 5.077005369736136142e-01
3.795020000000000000e+09 6.541460186971164159e-01 -2.048497769458859974e+00 5.079398326360969884e-01
3.796910000000000000e+09 6.740321955398468345e-01 -2.008747522083971671e+00 5.081774086054174910e-01
3.798800000000000000e+09 6.933709096522980841e-01 -1.969623921622145390e+00 5.084145396196892985e-01
3.800690000000000000e+09 7.121693277394338661e-01 -1.931115177938002692e+00 5.086529431886581687e-01
3.802580000000000000e+09 7.304346041115408195e-01 -1.893210508430434258e+00 5.088933834634964404e-01
3.804470000000000000e+09 7.481738754228398625e-01 -1.855900565718533679e+00 5.091352665477840711e-01
3.806360000000000000e+09 7.653941808240816158e-01 -1.819176079511900523e+00 5.093779428693506750e-01
3.808250000000000000e+09 7.821016318897674457e-01 -1.783027464189248734e+00 5.096212278287126640e-01
3.810140000000000000e+09 7.983018212259561652e-01 -1.747444957819441314e+00 5.098651970650964760e-01
3.812030000000000000e+09 8.140003658324430624e-01 -1.712419154521227505e+00 5.101101933038272307e-01
3.813920000000000000e+09 8.292029791840920261e-01 -1.677941796397591556e+00 5.103574066136914444e-01
3.815810000000000000e+09 8.439154031005287049e-01 -1.644004856897029132e+00 5.106081640912566444e-01
3.817700000000000000e+09 8.581436782394831209e-01 -1.610600365587847138e+00 5.108627198629601684e-01
3.819590000000000000e+09 8.718942054055049962e-01 -1.577720419671533314e+00 5.111200349578302049e-01
3.821480000000000000e+09 8.851732470753272963e-01 -1.545357147493309213e+00 5.113791778880021344e-01
3.823370000000000000e+09 8.979858185602416221e-01 -1.513502889076559610e+00 5.116406571279205062e-01
3.825260000000000000e+09 9.103363507112977038e-01 -1.482150083452620226e+00 5.119056573948306266e-01
3.827150000000000000e+09 9.222301657799794050e-01 -1.451290911134162087e+00 5.121751382002777131e-01
3.829040000000000000e+09 9.336749700002863195e-01 -1.420916862333963859e+00 5.124494485979268488e-01
3.830930000000000000e+09 9.446788453936006968e-01 -1.391019323739262736e+00 5.127288189821229691e-01
3.832820000000000000e+09 9.552494702262223081e-01 -1.361589925191039940e+00 5.130130474321329404e-01
3.834710000000000000e+09 9.653941105627596997e-01 -1.332620544770827697e+00 5.133014906680578582e-01
3.836600000000000000e+09 9.751197735303882563e-01 -1.304103227493318640e+00 5.135935223845622399e-01
3.838490000000000000e+09 9.844319333494134794e-01 -1.276031011651399538e+00 5.138887515439077847e-01
3.840380000000000000e+09 9.933354641505136584e-01 -1.248397325561450000e+00 5.141868811939999118e-01
3.842270000000000000e+09 1.001835676242731399e+00 -1.221195562401597989e+00 5.144879626510293624e-01
3.844160000000000000e+09 1.009938853408198112e+00 -1.194419035121274675e+00 5.147928214740735697e-01
3.846050000000000000e+09 1.017651416172373313e+00 -1.168061007126581119e+00 5.151023350448480365e-01
3.847940000000000000e+09 1.024979883311721629e+00 -1.142114046637836111e+00 5.154164367925495593e-01
3.849830000000000000e+09 1.031930858587201350e+00 -1.116570120558246337e+00 5.157342436526849427e-01
3.851720000000000000e+09 1.038511023879349127e+00 -1.091421205220804325e+00 5.160549173102814136e-01
3.853610000000000000e+09 1.044727456155579048e+00 -1.066659430428856137e+00 5.163779954122498239e-01
3.855500000000000000e+09 1.050587368013901068e+00 -1.042276972331851903e+00 5.167031407136455368e-01
3.857390000000000000e+09 1.056098658992475903e+00 -1.018265606936976653e+00 5.170302533224843122e-01
3.859280000000000000e+09 1.061270510511839182e+00 -9.946163634238487372e-01 5.173596761831380508e-01
3.861170000000000000e+09 1.066112121720555805e+00 -9.713203082210896122e-01 5.176918168180212332e-01
3.863060000000000000e+09 1.070630989841783842e+00 -9.483701601457236174e-01 5.180273067199109294e-01
3.864950000000000000e+09 1.074833366105904409e+00 -9.257598477411238536e-01 5.183669413520205493e-01
3.866840000000000000e+09 1.078725439494322202e+00 -9.034830703509256766e-01 5.187112618280868004e-01
3.868730000000000000e+09 1.082313253075610771e+00 -8.815324147012488787e-01 5.190596915186179716e-01
3.870620000000000000e+09 1.085602822569824211e+00 -8.599001684225888731e-01 5.194113632471214492e-01
3.872510000000000000e+09 1.088600920650995452e+00 -8.385787447764048164e-01 5.197661549735997921e-01
3.874400000000000000e+09 1.091315509983937782e+00 -8.175607545337720827e-01 5.201251160779258864e-01
3.876290000000000000e+09 1.093754549494335704e+00 -7.968388734928418815e-01 5.204893690642025117e-01
3.878180000000000000e+09 1.095924811362759987e+00 -7.764063012933177799e-01 5.208597115317378234e-01
3.880070000000000000e+09 1.097832333997132981e+00 -7.562565614771136202e-01 5.212367401693970281e-01
3.881960000000000000e+09 1.099483518735056453e+00 -7.363831794366915151e-01 5.216207213097934225e-01
3.883850000000000000e+09 1.100886105121466452e+00 -7.167796700039873459e-01 5.220107492817960271e-01
3.885740000000000000e+09 1.102048134853837347e+00 -6.974395305998895012e-01 5.224056953986266905e-01
3.887630000000000000e+09 1.102977764489873058e+00 -6.783556432664429314e-01 5.228060319061256234e-01
3.889520000000000000e+09 1.103683303158206286e+00 -6.595200726267916869e-01 5.232143575980202632e-01
3.891410000000000000e+09 1.104172730273051517e+00 -6.409251393810628805e-01 5.236329779719263167e-01
3.893300000000000000e+09 1.104451024221907662e+00 -6.225659209543725758e-01 5.240603157200661721e-01
3.895190000000000000e+09 1.104521601209307313e+00 -6.044389295622898395e-01 5.244927734901122518e-01
3.897080000000000000e+09 1.104387793954211050e+00 -5.865404645596812294e-01 5.249281473079772109e-01
3.898970000000000000e+09 1.104052727318380445e+00 -5.688661572102626796e-01 5.253684185548285202e-01
3.900860000000000000e+09 1.103519579272386641e+00 -5.514114610261300342e-01 5.258162681857856402e-01
3.902750000000000000e+09 1.102794152849322584e+00 -5.341702675296509106e-01 5.262722827276949955e-01
3.904640000000000000e+09 1.101885203119540524e+00 -5.171347116938401767e-01 5.267346933995776803e-01
3.906530000000000000e+09 1.100801615577331694e+00 -5.002969612132684984e-01 5.272018480701832210e-01
3.908420000000000000e+09 1.099552084096393711e+00 -4.836500887122203163e-01 5.276738297029893721e-01
3.910310000000000000e+09 1.098145219469954359e+00 -4.671875598377535632e-01 5.281514775406518369e-01
3.912200000000000000e+09 1.096589822027053573e+00 -4.509021835753233010e-01 5.286353277361597325e-01
3.914090000000000000e+09 1.094895161082298785e+00 -4.347851429914846300e-01 5.291251600683808398e-01
3.915980000000000000e+09 1.093070607320007381e+00 -4.188273145761757799e-01 5.296206995701676634e-01
3.917870000000000000e+09 1.091126169904244714e+00 -4.030183086015755589e-01 5.301229378407642523e-01
3.919760000000000000e+09 1.089072466364664038e+00 -3.873465288437907827e-01 5.306340733076772009e-01
3.921650000000000000e+09 1.086919857533622524e+00 -3.718009545708215180e-01 5.311556179643298625e-01
3.923540000000000000e+09 1.084677053790944923e+00 -3.563742284138965433e-01 5.316847685252975575e-01
3.925430000000000000e+09 1.082352168212571630e+00 -3.410603188916943584e-01 5.322171701885106687e-01
3.927320000000000000e+09 1.079953853403661013e+00 -3.258520130420250460e-01 5.327514394008650012e-01
3.929210000000000000e+09 1.077491878661945179e+00 -3.107396524751420142e-01 5.332923371956925784e-01
3.931100000000000000e+09 1.074976266623991261e+00 -2.957131887720826358e-01 5.338450769321024802e-01
3.932990000000000000e+09 1.072418891736523605e+00 -2.807611680474857985e-01 5.344099163848097245e-01
3.934880000000000000e+09 1.069833122970259343e+00 -2.658710021186974637e-01 5.349831138690114285e-01
3.936770000000000000e+09 1.067232008023408341e+00 -2.510306250962031638e-01 5.355620456625959092e-01
3.938660000000000000e+09 1.064626832679500756e+00 -2.362306564658226693e-01 5.361500531863783170e-01
3.940550000000000000e+09 1.062028336661209993e+00 -2.214625179228263685e-01 5.367522482787009386e-01
3.942440000000000000e+09 1.059446128594333958e+00 -2.067168511346300086e-01 5.373710464816385812e-01
3.944330000000000000e+09 1.056887852847421483e+00 -1.919829427401139044e-01 5.380041798261523400e-01
3.946220000000000000e+09 1.054360957467826321e+00 -1.772499439474134186e-01 5.386489122413272712e-01
3.948110000000000000e+09 1.051872890502901114e+00 -1.625070059646636922e-01 5.393025076562480979e-01
3.950000000000000000e+09 1.049431100000000061e+00 -1.477432800000000046e-01 5.399622299999999875e-01
